1.470707683
1.268757617
1.77057882
2.344721167
2.057250115
2.643033927
2.323126919
2.405717561
2.468500059
2.791057768
3.647576903
3.527952793
2.886180048
3.624669446
3.3423523
2.406855025
1.509767126
2.089003
2.628677465
2.500016541
2.198403455
2.349875879
2.546313773
2.327111842
2.254904411
2.713930759
2.665672221
1.901350468
2.120927248
2.287928379
2.550184046
2.269161676
2.60460771
2.625991186
2.974842507
3.654768152
3.915965755
4.564437041
5.123784574
3.816559304
4.745085488
4.954916581
4.895443234
5.203698452
4.900375462